{
    "fl_x": 552.554261,
    "fl_y": 552.554261,
    "cx": 682.049453,
    "cy": 238.769549,
    "w": 1408,
    "h": 376,
    "bbx2w": [
        [
            0.891724,
            -0.05900871,
            0.448717,
            1170.853
        ],
        [
            -0.452401,
            -0.08829436,
            0.887433,
            3790.219
        ],
        [
            -0.012747,
            -0.9943453,
            -0.105429,
            116.08
        ],
        [
            0.0,
            0.0,
            0.0,
            1.0
        ]
    ],
    "inv_pose": [
        [
            0.892997407213723,
            -0.44980321695525466,
            -0.01525440022656249,
            660.6910049040977
        ],
        [
            -0.060216476657560955,
            -0.08582157894801906,
            -0.9944891314266928,
            511.4016316456327
        ],
        [
            0.44601525382941487,
            0.8889947821014321,
            -0.10372401239785078,
            -3881.355639558205
        ],
        [
            0.0,
            0.0,
            0.0,
            1.0
        ]
    ],
    "scale": 1,
    "use_bbx": false,
    "aabb_scale": 16,
    "frames": [
        {
            "file_path": "700_00.png",
            "transform_matrix": [
                [
                    0.9999930929437121,
                    -0.0021886033035802216,
                    -0.0031411555019538835,
                    -0.36373181072076477
                ],
                [
                    -0.0021939563350280595,
                    -0.9999964517309269,
                    -0.001666936610256618,
                    0.17411178690508677
                ],
                [
                    -0.003137452225653443,
                    0.001674525872837082,
                    -0.9999934520202868,
                    -1.6927109037073933
                ],
                [
                    0.0,
                    0.0,
                    0.0,
                    1.0
                ]
            ]
        },
        {
            "file_path": "700_01.png",
            "transform_matrix": [
                [
                    0.9999929583129816,
                    -0.0021893217947852217,
                    -0.003141456544151088,
                    0.23072802705723916
                ],
                [
                    -0.00219454665431883,
                    -0.9999958752395401,
                    -0.001667335830492527,
                    0.17284960654711767
                ],
                [
                    -0.0031380522908951874,
                    0.001673795791576715,
                    -0.9999937534162023,
                    -1.6947947014391502
                ],
                [
                    0.0,
                    0.0,
                    0.0,
                    1.0
                ]
            ]
        },
        {
            "file_path": "701_00.png",
            "transform_matrix": [
                [
                    0.9999988436330204,
                    -0.001390459135193381,
                    -0.001536015251382346,
                    -0.3286600741489565
                ],
                [
                    -0.001392931191673653,
                    -0.9999980112669333,
                    -0.0015583936636185225,
                    0.0863248364746596
                ],
                [
                    -0.0015341448161756116,
                    0.00156149255775901,
                    -0.9999975998787879,
                    -0.8532893679894187
                ],
                [
                    0.0,
                    0.0,
                    0.0,
                    1.0
                ]
            ]
        },
        {
            "file_path": "701_01.png",
            "transform_matrix": [
                [
                    0.9999981413468406,
                    -0.0013911807826101027,
                    -0.0015366337904956114,
                    0.2656560594542725
                ],
                [
                    -0.001393555766607718,
                    -0.9999974868507344,
                    -0.0015590371801239252,
                    0.08554729958524376
                ],
                [
                    -0.0015347191879649625,
                    0.001560753262072011,
                    -0.9999976819030297,
                    -0.8543351697126127
                ],
                [
                    0.0,
                    0.0,
                    0.0,
                    1.0
                ]
            ]
        },
        {
            "file_path": "702_00.png",
            "transform_matrix": [
                [
                    1.0000002411421336,
                    -0.000445816145487584,
                    -5.638401567004277e-06,
                    -0.29535602347118584
                ],
                [
                    -0.0004462828178085434,
                    -1.0000001194286428,
                    -6.732720432547969e-05,
                    0.0004489629224053715
                ],
                [
                    -5.596516897261231e-06,
                    6.79770761673681e-05,
                    -0.9999994737839895,
                    -0.007828538293324527
                ],
                [
                    0.0,
                    0.0,
                    0.0,
                    1.0
                ]
            ]
        },
        {
            "file_path": "702_01.png",
            "transform_matrix": [
                [
                    1.000000190412227,
                    -0.00044653122216802113,
                    -5.547058652656295e-06,
                    0.29848852175678076
                ],
                [
                    -0.0004465106035615644,
                    -0.9999995705889594,
                    -6.766615736359351e-05,
                    0.00018240900641330882
                ],
                [
                    -5.774057848228432e-06,
                    6.724740560338309e-05,
                    -1.0000000754993037,
                    -0.008223063748118875
                ],
                [
                    0.0,
                    0.0,
                    0.0,
                    1.0
                ]
            ]
        },
        {
            "file_path": "703_00.png",
            "transform_matrix": [
                [
                    0.9999981536645753,
                    0.0013989522806477999,
                    0.001465296954194078,
                    -0.2629515755868397
                ],
                [
                    0.001397148374955035,
                    -0.9999984463979367,
                    0.0012825010896168377,
                    -0.08500129682056468
                ],
                [
                    0.001467153658788953,
                    -0.0012798752052797418,
                    -0.9999978136500054,
                    0.8462171366368239
                ],
                [
                    0.0,
                    0.0,
                    0.0,
                    1.0
                ]
            ]
        },
        {
            "file_path": "703_01.png",
            "transform_matrix": [
                [
                    0.9999982402218829,
                    0.0013982315270481597,
                    0.0014647111974236777,
                    0.33058333227484127
                ],
                [
                    0.0013963756719441351,
                    -0.9999978750949847,
                    0.0012822284473008882,
                    -0.08418872746551642
                ],
                [
                    0.0014662445183698204,
                    -0.0012806012935136966,
                    -0.9999981830095568,
                    0.8472733140479249
                ],
                [
                    0.0,
                    0.0,
                    0.0,
                    1.0
                ]
            ]
        },
        {
            "file_path": "704_00.png",
            "transform_matrix": [
                [
                    0.9999914520484162,
                    0.002627721399539927,
                    0.0032182298333022228,
                    -0.234667052335908
                ],
                [
                    0.002620746764989947,
                    -0.9999947668555738,
                    0.0020111920618135996,
                    -0.17589804969173883
                ],
                [
                    0.0032241906726975743,
                    -0.0020020165791291185,
                    -0.9999921755315039,
                    1.7077762617482222
                ],
                [
                    0.0,
                    0.0,
                    0.0,
                    1.0
                ]
            ]
        },
        {
            "file_path": "704_01.png",
            "transform_matrix": [
                [
                    0.999991661775419,
                    0.0026270071765887204,
                    0.0032182085632828407,
                    0.35991059572154427
                ],
                [
                    0.002620566456333635,
                    -0.9999942164572408,
                    0.00201077504744933,
                    -0.17437682746253813
                ],
                [
                    0.0032232167720695013,
                    -0.0020027446548563496,
                    -0.9999928776797581,
                    1.7099150324529546
                ],
                [
                    0.0,
                    0.0,
                    0.0,
                    1.0
                ]
            ]
        }
    ]
}